%Quantidade neuronios
QtdN = 50;
%Hipnograma
HipDt = 1; %segundos
Hip = [1 1 2 2 2 2 2 2 3 3 3 2 2 2 2 2 3 3 3 3 2 2 2 2 3 3 3 3 3 2 2 2 3 3 3 3 3 3 1 1];
%PDF WK
wkV = [2.00 4.00 6.00 8.00 10.00 12.00 14.00 16.00 18.00 20.00 22.00 24.00 26.00 28.00 30.00];
wkP = [0.001 0.001 0.022 0.020 0.090 0.100 0.020 0.190 0.090 0.220 0.100 0.050 0.006 0.040 0.050];
%PDF SWS
swsV = [0.50 1.00 1.50 2.00 2.50 3.00 3.50 4.00 4.50 5.00 5.50 6.00 6.50 7.00 7.50];
swsP = [0.009 0.029 0.198 0.278 0.101 0.050 0.020 0.003 0.120 0.011 0.010 0.050 0.030 0.001 0.090];
%PDF REM
remV = [1.25 2.50 3.75 5.00 6.25 7.50 8.75 10.00 11.25 12.50 13.75 15.00 16.25 17.50 18.75];
remP = [0.011 0.120 0.210 0.009 0.100 0.201 0.103 0.100 0.120 0.005 0.009 0.003 0.003 0.005 0.001];